Time	Lat	Long	TTFF	Count	Commands	TxTries	ONT	I	V	Temperature	CTTemp	CTCond	WBT_Status	WBT_Ens	WBT_Min	
2018-11-09 07:10:11	58.26852	11.43138	12	0	0	0	20	0.009	13.6	21	10.737		9		0	
2018-11-09 07:20:00	58.26852	11.43138	12	1	0	2	20	0.009	13.6	20	10.429		9		0	
2018-11-09 07:30:00	58.26858	11.43144	12	2	0	1	20	0.009	13.6	19	9.629		9		0	
2018-11-09 07:40:00	58.26858	11.43144	12	3	0	1	20	0.009	13.6	18	9.534		9		0	
2018-11-09 07:50:00	58.26828	11.43204	12	4	0	1	20	0.009	13.6	17	9.089		9		0	
2018-11-09 08:00:00	58.28094	11.4957	12	5	0	1	20	0.009	13.6	15	9.043		9		0	
2018-11-09 09:20:00	58.28316	11.48991	11	13	0		20	0.009	13.6	12	9.732	30.6	9		0	
2018-11-09 09:30:00	58.28346	11.4894	12	14	1	1	360	0.009	13.6	12	9.425	28.13	0	2	5	
2018-11-09 09:40:00	58.28178	11.48967	12	15	1	1	350	0.009	13.6	12	9.709	30.47	0	2	5	
2018-11-09 09:50:00	58.28346	11.48808	12	16	0	1	350	0.009	13.5	12	9.372	27.57	0	2	5	
2018-11-09 10:00:00	58.28256	11.48466	42	17	0	1	380	0.009	13.5	12	9.442	28.14	0	2	5	
2018-11-09 10:10:00	58.28238	11.484	11	18	0	1	350	0.009	13.5	12	9.467	28.32	0	2	5	
2018-11-09 10:20:00	58.27995	11.4849	11	19	0	1	350	0.009	13.4	12	9.744	30.61	0	2	5	
2018-11-09 10:30:00	58.27836	11.48781	11	20	0	1	350	0.009	13.4	12	9.754	30.64	0	2	5	
2018-11-09 10:40:00	58.278	11.48817	11	21	0	1	350	0.009	13.4	12	9.767	30.68	0	2	5	
2018-11-09 10:50:00	58.27842	11.48676	11	22	0	1	360	0.009	13.4	12	9.764	30.68	0	2	5	
2018-11-09 11:00:00	58.27461	11.48511	11	23	0	1	350	0.009	13.4	12	9.789	30.79	0	2	5	
2018-11-09 11:10:00	58.27341	11.48007	12	24	1	1	20	0.011	13.4	12	9.844	31.08	9		0	
2018-11-09 11:20:00	58.27266	11.47671	12	25	0	1	20	0.009	13.4	11	9.82	30.79	9		0	
2018-11-09 11:30:00	58.27461	11.47305	11	26	0	1	20	0.009	13.4	11	9.744	30.2	9		0	
2018-11-09 11:40:00	58.27344	11.46588	12	27	0	1	20	0.009	13.4	11	8.71		9		0	
2018-11-21 07:05:11	58.26849	11.43138	12	0	0	0	20	0.011	13.4	20	5.523		9		0	
2018-11-21 07:40:00	58.26876	11.43096	19	4	0		30	0.009	13.4	14	3.723		9		0	
2018-11-21 07:50:00	58.2687	11.43126	13	5	0	1	20	0.009	13.4	12	3.901		9		0	
2018-11-21 08:00:00	58.26675	11.43324	41	6	0	1	50	0.009	13.3	12	4.265		9		0	
2018-11-21 08:10:00	58.26744	11.46057	11	7	0	1	20	0.009	13.3	10	3.463		9		0	
2018-11-21 08:20:00	58.28121	11.48688	11	8	0	1	20	0.009	13.4	9	3.719		9		0	
2018-11-21 08:30:00	58.29615	11.51136	11	9	0	1	20	0.009	13.3	9	3.716		9		0	
2018-11-21 08:40:00	58.31184	11.53527	11	10	0	1	20	0.009	13.4	8	3.654		9		0	
2018-11-21 08:50:00	58.31562	11.54136	12	11	0	1	20	0.009	13.4	8	8.27	27.51	9		0	
2018-11-21 09:00:00	58.31295	11.5395	12	12	1	1	350	0.009	13.4	8	8.269	27.5	0	2	5	
2018-11-21 09:10:00	58.3134	11.53689	12	13	0	1	350	0.009	13.4	9	8.182	27.36	0	2	5	
2018-11-21 09:20:00	58.31559	11.53731	12	14	0	1	360	0.009	13.3	9	8.148	27.28	0	2	5	
2018-11-21 09:30:00	58.31793	11.53674	12	15	0	1	350	0.009	13.3	9	8.097	27.14	0	2	5	
2018-11-21 09:40:00	58.31445	11.54001	12	16	0	1	350	0.009	13.3	9	8.284	27.54	0	2	5	
2018-11-21 09:50:00	58.31241	11.5425	12	17	0	1	360	0.009	13.3	10	8.265	27.55	0	2	5	
2018-11-21 10:00:00	58.31535	11.53854	12	18	0	1	350	0.009	13.3	10	8.234	27.46	0	2	5	
2018-11-21 10:10:00	58.31775	11.53845	12	19	0	1	350	0.009	13.3	10	8.233	27.39	0	2	5	
2018-11-21 10:20:00	58.31385	11.53923	12	20	0	1	350	0.009	13.3	10	8.298	27.59	0	2	5	
2018-11-21 10:30:00	58.31703	11.53758	12	21	0	1	350	0.009	13.3	10	8.23	27.39	0	2	5	
2018-11-21 10:40:00	58.31781	11.53749	12	22	0	1	350	0.009	13.3	10	8.224	27.39	0	2	5	
2018-11-21 10:50:00	58.31745	11.53848	13	23	0	1	360	0.009	13.3	10	8.263	27.45	0	2	5	
2018-11-21 11:00:00	58.31769	11.53803	13	24	0	1	350	0.009	13.3	10	8.23	27.41	0	2	5	
2018-11-21 11:10:00	58.317	11.53734	38	25	0	1	380	0.009	13.3	10	8.234	27.43	0	2	5	
2018-11-21 11:20:00	58.3167	11.53623	11	26	0	1	350	0.009	13.3	10	8.217	27.4	0	2	5	
2018-11-21 11:30:00	58.3164	11.53581	11	27	0	1	360	0.009	13.3	10	8.221	27.41	0	2	5	
2018-11-21 11:40:00	58.31571	11.53629	12	28	0	1	360	0.009	13.3	10	8.243	27.47	0	2	5	
2018-11-21 11:50:00	58.31658	11.53677	12	29	0	2	360	0.009	13.3	10	8.254	27.47	0	2	5	
2018-11-21 12:00:00	58.31856	11.53683	12	30	0	1	350	0.009	13.3	10	8.13	27.22	0	2	5	
2018-11-21 12:10:00	58.31913	11.53659	12	31	0	1	350	0.009	13.3	10	8.058	27.09	0	2	5	
2018-11-21 12:20:00	58.31844	11.53707	12	32	0	1	360	0.009	13.3	10	8.112	27.19	0	2	5	
2018-11-21 12:30:00	58.31907	11.53608	13	33	0	1	350	0.009	13.3	9	8.025	27.03	0	2	5	
2018-11-21 12:40:00	58.31691	11.53731	13	34	1	1	350	0.009	13.3	9	8.213	27.42	0	3	5	
2018-11-21 12:50:00	58.31712	11.53644	13	35	0	1	360	0.011	13.3	9	8.198	27.39	0	3	5	
2018-11-21 13:00:00	58.31505	11.53812	13	36	0	1	360	0.009	13.3	9	8.245	27.51	0	3	5	
2018-11-21 13:10:00	58.31352	11.53971	13	37	0	1	360	0.009	13.3	9	8.2	27.53	0	3	5	
2018-11-21 13:20:00	58.31532	11.53779	13	38	0	1	360	0.009	13.3	9	8.228	27.48	0	3	5	
2018-11-21 13:30:00	58.31805	11.5371	41	39	0	2	380	0.009	13.3	9	8.154	27.29	0	3	5	
2018-11-21 13:40:00	58.31844	11.53707	11	40	0	1	350	0.009	13.3	9	8.037	27.1	0	3	5	
2018-11-21 13:50:00	58.31604	11.54076	11	41	0	1	350	0.009	13.3	9	8.25	27.55	0	3	5	
2018-11-21 14:00:00	58.31613	11.54088	11	42	1	1	360	0.009	13.3	9	8.263	27.56	0	3	5	
2018-11-21 14:10:00	58.31601	11.54103	11	43	0	1	350	0.009	13.3	9	8.245	27.56	0	3	5	
2018-11-21 14:20:00	58.31817	11.54025	12	44	0	1	350	0.009	13.3	9	8.102	27.24	0	3	5	
2018-11-21 14:30:00	58.31814	11.53911	12	45	1	1	20	0.009	13.3	9	8.09	27.21	9		0	
2018-11-23 09:10:35	58.26843	11.43141	11	0	0	0	20	0.011	13.3	8	0.745		9		0	
2018-11-23 09:20:00	58.26756	11.43306	12	1	0	1	20	0.009	13.4	6	0.374		9		0	
2018-11-23 09:30:00	58.26729	11.43333	12	2	0	1	20	0.009	13.4	6	7.541	25.63	9		0	
2018-11-23 09:40:00	58.26735	11.43336	12	3	0	1	20	0.011	13.4	6	7.535	25.55	9		0	
2018-11-23 09:50:00	58.26735	11.43339	12	4	2	1	360	0.009	13.4	6	7.593	25.58	0	1	5	
2018-11-23 10:00:00	58.26735	11.43339	12	5	0	1	360	0.009	13.3	7	7.61	25.55	0	1	5	
2018-11-23 10:10:00	58.26735	11.43336	12	6	0	1	360	0.009	13.3	7	7.675	25.61	0	1	5	
2018-11-23 10:20:00	58.26735	11.43336	12	7	0	1	360	0.009	13.3	7	7.567	25.49	0	1	5	
2018-11-23 10:40:00	58.26738	11.43333	12	8	2	1	660	0.009	13.3	7	7.69	25.62	0	1	10	
2018-11-23 11:00:00	58.26726	11.4333	12	9	1	1	660	0.009	13.3	7	7.64	25.6	0	2	10	
2018-11-23 11:20:00	58.26741	11.43339	12	10	0	1	660	0.009	13.3	7	7.586	25.59	0	2	10	
2018-11-23 11:40:00	58.26729	11.43336	17	11	0	1	660	0.009	13.3	7	7.636	25.61	0	2	10	
2018-11-23 12:00:00	58.26738	11.43336	41	12	0	1	690	0.009	13.3	7	7.555	25.57	0	2	10	
2018-11-23 12:20:00	58.26741	11.43336	11	13	1	1	20	0.009	13.3	7	7.56	25.59	9		0	
2018-11-27 10:46:36	58.26858	11.43147	12	0	0	0	20	0.011	13.4	7	2.386		9		0	
2018-11-27 10:50:00	58.26726	11.43231	12	1	0	1	20	0.009	13.4	6	0.794		9		0	
2018-11-27 11:00:00	58.26726	11.43234	12	2	0	1	20	0.009	13.4	6	5.878	24.59	9		0	
2018-11-27 11:10:00	58.26726	11.43231	12	3	1	1	350	0.009	13.4	6	5.831	24.57	0	2	5	
2018-11-27 11:20:00	58.26726	11.43231	12	4	3	1	350	0.009	13.4	7	5.771	24.52	0	3	5	
2018-11-27 11:30:00	58.26729	11.43231	12	5	0	1	350	0.009	13.4	7	5.77	24.36	0	3	5	
2018-11-27 11:40:00	58.26729	11.43228	12	6	0	1	350	0.009	13.4	7	5.742	24.01	0	3	5	
2018-11-27 11:50:00	58.26735	11.43231	12	7	0	2	350	0.009	13.4	7	5.724	24.14	0	3	5	
2018-11-27 12:00:00	58.26729	11.43228	13	8	0	1	360	0.009	13.4	7	5.786	24.55	0	3	5	
2018-11-27 12:10:00	58.26735	11.43228	14	9	1	1	360	0.009	13.4	7	5.813	24.62	0	1	5	
2018-11-27 12:20:00	58.26744	11.43222	15	10	0	1	360	0.009	13.4	7	5.809	24.62	0	1	5	
2018-11-27 12:30:00	58.2672	11.43234	13	11	0	1	360	0.009	13.4	7	5.803	24.62	0	1	5	
2018-11-27 12:40:00	58.26723	11.43228	13	12	0	2	360	0.009	13.4	7	5.777	24.6	0	1	5	
2018-11-27 12:50:00	58.26726	11.43231	13	13	1	1	360	0.011	13.4	7	5.773	24.59	0	4	5	
2018-11-27 13:00:00	58.26726	11.43231	42	14	0	1	380	0.009	13.4	7	5.775	24.6	0	4	5	
2018-11-27 13:10:00	58.26726	11.43231	12	15	0	1	350	0.009	13.4	7	5.784	24.61	0	4	5	
2018-11-27 13:20:00	58.26726	11.43234	12	16	0	1	350	0.009	13.4	6	5.799	24.62	0	4	5	
2018-11-27 13:30:00	58.26726	11.43231	12	17	1	1	20	0.009	13.4	6	5.747	24.58	9		0	
2018-11-27 13:40:00	58.26726	11.43231	12	18	0	1	20	0.009	13.4	6	5.791	24.61	9		0	
2018-12-03 07:30:00	56.91876	12.29313	13	1	0		20	0.009	13.4	8	7.001		9		0	
2018-12-03 07:40:00	56.91114	12.26814	13	2	0	1	20	0.009	13.4	7	7.397		9		0	
2018-12-03 07:50:00	56.90169	12.2421	13	3	0	1	20	0.009	13.4	7	7.634		9		0	
2018-12-03 08:00:00	56.89206	12.21726	12	4	0	1	20	0.009	13.4	7	7.812		9		0	
2018-12-03 08:10:00	56.88438	12.19041	14	5	0	1	20	0.009	13.3	8	8.031		9		0	
2018-12-03 08:20:00	56.87772	12.16362	12	6	0	1	20	0.009	13.4	8	8.111		9		0	
2018-12-03 08:30:00	56.87037	12.13698	12	7	0	1	20	0.009	13.3	8	8.02		9		0	
2018-12-03 08:40:00	56.86323	12.11085	12	8	0	1	20	0.009	13.4	8	8.05		9		0	
2018-12-03 08:50:00	56.85867	12.08319	13	9	0	1	20	0.009	13.4	8	8.071		9		0	
2018-12-03 09:00:00	56.85468	12.0549	14	10	0	1	20	0.009	13.4	8	8.083		9		0	
2018-12-03 09:10:00	56.85153	12.02592	42	11	0	1	50	0.009	13.4	9	8.243		9		0	
2018-12-03 09:20:00	56.84757	11.99994	12	12	0	1	20	0.009	13.4	8	8.119		9		0	
2018-12-03 09:33:14	56.84661	11.97462	44	0	0	0	50	0.011	13.4	9	8.359		9		0	
2018-12-03 09:40:00	56.84601	11.97426	13	1	0	1	20	0.009	13.4	9	7.272	21.34	9		0	
2018-12-03 09:50:00	56.84631	11.97576	12	2	0	1	20	0.009	13.4	9	7.27	21.32	9		0	
2018-12-03 10:00:00	56.84778	11.97261	12	3	0	1	20	0.009	13.4	8	7.265	21.31	9		0	
2018-12-03 10:10:00	56.84739	11.97906	12	4	0	2	20	0.009	13.4	8	7.267	21.33	9		0	
2018-12-03 10:20:00	56.84925	11.97513	12	5	0	1	20	0.009	13.4	8	7.26	21.3	9		0	
2018-12-03 10:30:00	56.84946	11.98146	12	6	0	1	20	0.009	13.4	8	7.265	21.32	9		0	
2018-12-03 10:40:00	56.85159	11.97774	12	7	4	2	530	0.009	13.4	8	7.252	21.3	0	4	8	
2018-12-03 11:00:00	56.853	11.9796	42	8	0	1	560	0.009	13.4	9	7.243	21.27	0	4	8	
2018-12-03 11:20:00	56.85828	11.97108	12	9	0	3	530	0.009	13.4	9	7.268	21.33	0	4	8	
2018-12-03 11:40:00	56.86281	11.9604	12	10	0	1	530	0.009	13.4	9	7.277	21.48	0	4	8	
2018-12-03 12:00:00	56.86719	11.95017	12	11	0	1	530	0.009	13.4	9	7.355	21.69	0	4	8	
2018-12-03 12:20:00	56.86461	11.96709	12	12	0	1	530	0.009	13.4	9	7.308	21.57	0	4	8	
2018-12-03 12:40:00	56.86218	11.98317	13	13	0	1	540	0.011	13.4	9	7.283	21.53	0	4	8	
2018-12-03 13:00:00	56.85843	12.00591	42	14	0	1	560	0.009	13.3	9	7.27	21.46	0	4	8	
2018-12-03 13:20:00	56.85462	12.03027	12	15	0	1	530	0.009	13.3	9	7.255	21.36	0	4	8	
2018-12-03 13:40:00	56.85027	12.05163	12	16	0	1	530	0.009	13.3	9	7.253	21.37	0	4	8	
2018-12-03 14:00:00	56.84436	12.07314	12	17	0	1	530	0.009	13.3	9	7.264	21.43	0	4	8	
2018-12-03 14:20:00	56.83698	12.09555	13	18	0	1	540	0.009	13.3	9	7.274	21.48	0	4	8	
2018-12-03 14:40:00	56.83488	12.09612	12	19	0	3	530	0.009	13.3	9	7.263	21.47	0	4	8	
2018-12-03 15:00:00	56.83359	12.0861	42	20	0	1	560	0.009	13.3	9	7.239	21.4	0	4	8	
2018-12-03 15:20:00	56.83644	12.07413	13	21	0	1	540	0.009	13.3	9	7.253	21.46	0	4	8	
2018-12-03 15:40:00	56.83851	12.05922	14	22	0	1	540	0.009	13.3	9	7.283	21.61	0	4	8	
2018-12-03 16:00:00	56.841	12.04503	12	23	0	1	530	0.009	13.3	9	7.31	21.73	0	4	8	
2018-12-03 16:20:00	56.84544	12.03219	12	24	0	1	530	0.009	13.3	9	7.163	21.56	0	4	8	
2018-12-03 16:40:00	56.85051	12.02115	12	25	0	1	530	0.009	13.3	9	7.164	21.65	0	4	8	
2018-12-03 17:00:00	56.85759	12.01296	42	26	0	1	560	0.011	13.3	9	7.286	21.94	0	4	8	
2018-12-03 17:20:00	56.86461	12.00456	12	27	0	1	540	0.009	13.3	9	7.381	21.94	0	4	8	
2018-12-03 17:40:00	56.87142	11.99259	12	28	0	1	530	0.009	13.3	9	7.423	21.99	0	4	8	
2018-12-03 18:00:00	56.87934	11.98269	12	29	0	1	540	0.009	13.3	9	7.466	22.16	0	4	8	
2018-12-03 18:20:00	56.87457	12.003	12	30	0	2	530	0.009	13.3	9	7.433	21.99	0	4	8	
2018-12-03 18:40:00	56.87184	12.01041	12	31	0	3	530	0.009	13.3	9	7.428	21.95	0	4	8	
2018-12-03 19:00:00	56.87733	11.9997	12	32	0	1	530	0.009	13.3	9	7.466	22.15	0	4	8	
2018-12-03 19:20:00	56.87151	12.00921	13	33	0	1	540	0.011	13.3	9	7.436	22	0	4	8	
2018-12-03 19:40:00	56.87124	12.01065	41	34	0	1	560	0.009	13.3	9	7.437	22	0	4	8	
2018-12-03 20:00:00	56.87676	11.99949	41	35	0	1	560	0.009	13.3	9	7.472	22.19	0	4	8	
2018-12-03 20:20:00	56.87079	12.00816	12	36	0	1	530	0.009	13.3	9	7.436	22.02	0	4	8	
2018-12-03 20:40:00	56.8695	12.00984	12	37	0	1	530	0.009	13.3	9	7.425	21.99	0	4	8	
2018-12-03 21:00:00	56.87742	12.00327	12	38	0	1	530	0.009	13.3	9	7.464	22.19	0	4	8	
2018-12-03 21:20:00	56.87118	12.01074	13	39	0	1	540	0.009	13.3	9	7.429	22.02	0	4	8	
2018-12-03 21:40:00	56.86416	12.01887	13	40	0	1	540	0.011	13.3	9	7.388	21.91	0	4	8	
2018-12-03 22:00:00	56.85795	12.02976	41	41	0	1	570	0.011	13.3	9	7.369	21.92	0	4	8	
2018-12-03 22:20:00	56.85585	12.03498	11	42	0	1	530	0.009	13.3	9	7.348	21.88	0	4	8	
2018-12-03 22:40:00	56.86173	12.02244	12	43	0	1	530	0.011	13.3	9	7.377	21.99	0	4	8	
2018-12-03 23:00:00	56.86686	12.00906	12	44	0	1	530	0.009	13.3	9	7.381	22.01	0	4	8	
2018-12-03 23:20:00	56.87328	11.99853	12	45	0	1	530	0.009	13.3	9	7.423	22.1	0	4	8	
2018-12-03 23:40:00	56.87427	11.99985	12	46	0	1	540	0.009	13.3	9	7.425	22.11	0	4	8	
2018-12-04 00:00:00	56.86563	12.0108	12	47	0	1	530	0.009	13.3	9	7.38	22.06	0	4	8	
2018-12-04 00:20:00	56.87229	12.00561	12	48	0	1	540	0.009	13.3	9	7.418	22.12	0	4	8	
2018-12-04 00:40:00	56.87205	12.00618	11	49	0	1	530	0.009	13.3	9	7.421	22.16	0	4	8	
2018-12-04 01:00:00	56.86059	12.01074	41	50	0	1	560	0.009	13.3	9	7.396	22.16	0	4	8	
2018-12-04 01:20:00	56.86782	12.01146	12	51	0	1	530	0.009	13.3	9	7.432	22.24	0	4	8	
2018-12-04 01:40:00	56.86692	12.01392	16	52	0	1	540	0.011	13.3	9	7.438	22.29	0	4	8	
2018-12-04 02:00:00	56.85402	12.01602	12	53	0	1	530	0.009	13.3	9	7.397	22.34	0	4	8	
2018-12-04 02:20:00	56.85936	12.02028	12	54	0	3	530	0.009	13.3	9	7.515	22.36	0	4	8	
2018-12-04 02:40:00	56.86554	12.02556	41	55	0	1	560	0.009	13.3	9	7.674	22.53	0	4	8	
2018-12-04 03:00:00	56.87232	12.03033	12	56	0	1	530	0.011	13.3	9	7.509	22.54	0	4	8	
2018-12-04 03:20:00	56.85885	12.03384	14	57	0	1	540	0.009	13.3	9	7.522	22.5	0	4	8	
2018-12-04 03:40:00	56.85123	12.03909	13	58	0	1	540	0.009	13.3	9	7.522	22.51	0	4	8	
2018-12-04 04:00:00	56.8563	12.04323	23	59	0	1	550	0.009	13.3	9	7.504	22.7	0	4	8	
2018-12-04 04:20:00	56.86119	12.04848	21	0	0	1	540	0.009	13.3	9	7.582	23.11	0	4	8	
2018-12-04 04:40:00	56.86461	12.05361	41	1	0	1	560	0.011	13.3	9	7.635	23.35	0	4	8	
2018-12-04 05:00:00	56.86878	12.05898	13	2	0	1	540	0.011	13.3	9	7.687	23.46	0	4	8	
2018-12-04 05:40:00	56.87814	12.06927	71	4	0		590	0.009	13.3	10	7.712	23.83	0	4	8	
2018-12-04 06:00:00	56.8833	12.0717	12	5	0	1	530	0.009	13.3	9	7.785	24.18	0	4	8	
2018-12-04 06:20:00	56.86884	12.06798	13	6	0	1	540	0.009	13.3	9	7.756	24.1	0	4	8	
2018-12-04 06:40:00	56.86185	12.06651	12	7	0	1	530	0.009	13.3	9	7.776	24.21	0	4	8	
2018-12-04 07:00:00	56.86671	12.06711	12	8	0	1	540	0.009	13.3	9	7.902	24.49	0	4	8	
2018-12-04 07:20:00	56.87079	12.06918	13	9	0	1	540	0.011	13.3	9	7.443	23.46	0	4	8	
2018-12-04 07:40:00	56.87538	12.07083	13	10	0	2	540	0.009	13.3	9	7.082	23.06	0	4	8	
2018-12-04 08:00:00	56.8779	12.07242	58	11	0	1	580	0.009	13.3	9	6.839	22.75	0	4	8	
2018-12-04 08:20:00	56.88108	12.07257	12	12	0	1	530	0.009	13.3	9	6.898	22.94	0	4	8	
2018-12-04 09:20:00	56.85081	12.04578	15	15	0		540	0.011	13.3	8	7.127	23.25	0	4	8	
2018-12-04 09:40:00	56.83845	12.03339	14	16	0	1	540	0.009	13.3	8	7.433	23.66	0	4	8	
2018-12-04 10:20:00	56.81442	12.01137	12	18	0		530	0.009	13.4	9	7.579	23.97	0	4	8	
2018-12-04 10:40:00	56.82075	12.01617	12	19	0	2	540	0.009	13.4	9	7.524	23.87	0	4	8	
2018-12-04 11:00:00	56.82663	12.02115	12	20	0	1	530	0.011	13.3	9	7.312	23.58	0	4	8	
2018-12-04 11:20:00	56.83368	12.02547	14	21	0	1	540	0.009	13.4	9	7.154	23.5	0	4	8	
2018-12-04 11:40:00	56.84124	12.02988	16	22	0	2	540	0.009	13.4	9	7.114	23.51	0	4	8	
2018-12-04 12:00:00	56.84925	12.03336	40	23	0	1	570	0.009	13.4	9	7.054	23.45	0	4	8	
2018-12-04 12:20:00	56.85618	12.03666	11	24	0	1	530	0.009	13.4	8	6.885	23.1	0	4	8	
2018-12-04 12:40:00	56.85873	12.04395	12	25	0	1	530	0.011	13.3	8	6.776	22.87	0	4	8	
2018-12-04 13:20:00	56.86026	12.04755	13	27	0		540	0.009	13.3	8	6.701	22.58	0	4	8	
2018-12-04 13:40:00	56.86566	12.05241	15	28	0	2	540	0.009	13.3	8	6.683	22.52	0	4	8	
2018-12-04 14:00:00	56.85933	12.05094	41	29	0	1	560	0.009	13.3	8	6.682	22.55	0	4	8	
2018-12-04 14:20:00	56.84613	12.03894	12	30	1	2	830	0.011	13.3	8	6.707	22.67	0	4	13	
2018-12-04 14:40:00	56.83005	12.02928	12	31	0	1	840	0.011	13.3	8	6.896	23.22	0	4	13	
2018-12-04 15:00:00	56.82942	12.0324	12	32	0	2	830	0.011	13.2	8	6.839	23.12	0	4	13	
2018-12-04 15:20:00	56.83425	12.03948	41	33	0	1	860	0.009	13.2	9	6.702	22.7	0	4	13	
2018-12-04 15:40:00	56.83596	12.04857	12	34	0	1	830	0.009	13.2	8	6.692	22.64	0	4	13	
2018-12-04 16:00:00	56.84205	12.05481	12	35	0	1	830	0.009	13.2	9	6.658	22.55	0	4	13	
2018-12-04 16:20:00	56.84805	12.06012	12	36	0	1	830	0.009	13.2	8	6.627	22.5	0	4	13	
2018-12-04 16:40:00	56.84439	12.05967	12	37	0	1	840	0.009	13.2	9	6.601	22.47	0	4	13	
2018-12-04 17:00:00	56.85045	12.06738	14	38	0	1	840	0.011	13.2	8	6.553	22.4	0	4	13	
2018-12-04 17:20:00	56.85645	12.07401	65	39	0	1	890	0.011	13.2	9	6.569	22.43	0	4	13	
2018-12-04 17:40:00	56.85462	12.0723	12	40	0	1	830	0.009	13.2	9	6.55	22.46	0	4	13	
2018-12-04 18:00:00	56.85513	12.07233	13	41	0	1	840	0.011	13.2	8	6.566	22.48	0	4	13	
2018-12-04 18:20:00	56.86197	12.07665	26	42	0	3	850	0.009	13.2	9	6.566	22.51	0	4	13	
2018-12-04 18:40:00	56.86893	12.08049	18	43	0	1	840	0.011	13.2	9	6.561	22.6	0	4	13	
2018-12-04 19:00:00	56.87577	12.08556	41	44	0	1	860	0.009	13.2	9	6.518	22.56	0	4	13	
2018-12-04 19:20:00	56.87439	12.08226	12	45	0	1	840	0.009	13.2	8	6.516	22.59	0	4	13	
2018-12-04 19:40:00	56.86608	12.07038	13	46	0	1	840	0.009	13.2	8	6.517	22.62	0	4	13	
2018-12-04 20:00:00	56.87391	12.07362	41	47	0	1	860	0.011	13.1	9	6.674	23.25	0	4	13	
2018-12-04 20:20:00	56.87997	12.07704	12	48	0	1	830	0.011	13.1	8	6.65	23.42	0	4	13	
2018-12-04 20:40:00	56.87511	12.07152	12	49	0	1	840	0.011	13.1	8	6.672	23.5	0	4	13	
2018-12-04 21:00:00	56.87238	12.06324	12	50	0	1	830	0.009	13.1	8	6.808	23.83	0	4	13	
2018-12-04 21:30:00	56.88291	12.06798	12	51	1	1	830	0.011	13.2	8	6.542	23.1	0	4	13	
2018-12-04 22:00:00	56.89518	12.07254	12	52	0	1	830	0.009	13.1	8	6.532	23.02	0	4	13	
2018-12-04 22:30:00	56.90895	12.07674	41	53	0	1	860	0.011	13.1	8	6.525	23	0	4	13	
2018-12-04 23:00:00	56.89659	12.05694	12	54	0	1	830	0.009	13.1	8	6.525	23.05	0	4	13	
2018-12-04 23:30:00	56.90835	12.05952	41	55	0	1	860	0.009	13.1	8	6.51	23	0	4	13	
2018-12-05 00:00:00	56.91999	12.06978	13	56	0	1	830	0.009	13.1	8	6.485	22.98	0	4	13	
2018-12-05 00:30:00	56.90958	12.04863	13	57	0	1	840	0.011	13.1	7	6.518	23.05	0	4	13	
2018-12-05 01:00:00	56.92062	12.06042	42	58	0	1	860	0.011	13.1	8	6.528	23.15	0	4	13	
2018-12-05 01:30:00	56.90886	12.04317	12	59	0	1	830	0.009	13.1	7	6.522	23.15	0	4	13	
2018-12-05 02:00:00	56.92218	12.05094	41	0	0	1	860	0.011	13.1	8	6.664	23.78	0	4	13	
2018-12-05 02:30:00	56.93631	12.05628	12	1	0	1	830	0.011	13.1	8	6.859	24.64	0	4	13	
2018-12-05 03:00:00	56.95086	12.06438	71	2	0	1	890	0.011	13.1	8	6.909	25	0	4	13	
2018-12-05 03:30:00	56.93784	12.05232	12	3	0	1	840	0.011	13.1	8	6.876	24.86	0	4	13	
2018-12-05 04:00:00	56.94771	12.05874	11	4	0	2	830	0.011	13.1	8	6.878	24.89	0	4	13	
2018-12-05 04:30:00	56.93595	12.0483	13	5	0	1	840	0.009	13.1	8	6.926	24.87	0	4	13	
2018-12-05 05:00:00	56.94585	12.0582	13	6	0	1	840	0.009	13.1	8	6.824	24.74	0	4	13	
2018-12-05 05:30:00	56.9343	12.04797	41	7	0	1	860	0.011	13.1	8	6.91	24.86	0	4	13	
2018-12-05 06:00:00	56.94333	12.06108	40	8	0	1	860	0.009	13.1	8	6.803	24.65	0	4	13	
2018-12-05 06:30:00	56.93217	12.05265	13	9	0	1	830	0.009	13.1	8	6.82	24.73	0	4	13	
2018-12-05 07:00:00	56.93856	12.06621	12	10	0	1	840	0.009	13.1	8	6.768	24.61	0	4	13	
2018-12-05 07:30:00	56.92845	12.06252	12	11	0	1	830	0.011	13.1	7	6.627	24.12	0	4	13	
2018-12-05 08:00:00	56.92011	12.05817	41	12	0	1	860	0.009	13.1	8	6.567	23.67	0	4	13	
2018-12-05 08:30:00	56.91108	12.05376	11	13	0	1	60	0.009	13.1	7	6.425	23.14	1	4	0	
2018-12-05 09:00:00	56.91996	12.0639	11	14	0	1	830	0.009	13.2	7	6.584	23.7	0	4	13	
2018-12-05 09:30:00	56.93019	12.07257	12	15	0	1	830	0.011	13.2	7	6.709	24.36	0	4	13	
2018-12-05 10:00:00	56.93652	12.07245	11	16	0	1	830	0.009	13.2	7	6.742	24.5	0	4	13	
2018-12-05 10:30:00	56.94228	12.06888	12	17	0	3	830	0.009	13.2	8	6.75	24.47	0	4	13	
2018-12-05 11:00:00	56.94702	12.06057	41	18	0	1	860	0.009	13.2	8	6.686	24.27	0	4	13	
2018-12-05 11:30:00	56.95068	12.05121	11	19	0	1	830	0.009	13.2	8	6.644	24.15	0	4	13	
2018-12-05 12:00:00	56.95476	12.04008	12	20	0	2	830	0.009	13.2	8	6.694	24.17	0	4	13	
2018-12-05 13:00:00	56.96427	12.01809	12	22	0		830	0.011	13.2	8	6.591	23.95	0	4	13	
2018-12-05 13:30:00	56.96811	12.00837	41	23	0	2	870	0.009	13.2	8	6.584	23.92	0	4	13	
2018-12-05 14:00:00	56.97258	11.99706	11	24	0	2	830	0.009	13.1	8	6.636	23.92	0	4	13	
2018-12-05 14:30:00	56.97546	11.98668	12	25	0	1	830	0.009	13.1	7	6.584	23.83	0	4	13	
2018-12-05 15:00:00	56.97846	11.97717	12	26	0	1	830	0.011	13.1	7	6.691	23.79	0	4	13	
2018-12-05 15:30:00	56.98296	11.96676	12	27	0	1	830	0.011	13.1	7	6.703	23.72	0	4	13	
2018-12-05 16:00:00	56.988	11.95947	40	28	0	1	860	0.009	13.1	8	6.677	23.67	0	4	13	
2018-12-05 16:30:00	56.99382	11.94753	12	29	1	1	650	0.011	13.1	7	6.681	23.82	0	4	10	
2018-12-05 17:00:00	57.00153	11.9379	41	30	0	1	680	0.009	13.1	8	6.678	23.83	0	4	10	
2018-12-05 17:30:00	57.00708	11.92647	12	31	0	1	650	0.011	13.1	7	6.593	23.72	0	4	10	
2018-12-05 18:00:00	57.0129	11.91462	12	32	0	1	650	0.009	13.1	7	6.65	23.74	0	4	10	
2018-12-05 18:30:00	57.00966	11.94108	12	33	0	1	650	0.011	13.1	7	6.571	23.72	0	4	10	
2018-12-05 19:00:00	56.99997	11.95371	36	34	0	1	680	0.011	13.1	8	6.603	23.77	0	4	10	
2018-12-05 19:30:00	57.0057	11.94057	12	35	0	1	650	0.011	13.1	7	6.591	23.74	0	4	10	
2018-12-05 20:00:00	56.99814	11.95368	12	36	0	1	650	0.009	13.1	7	6.589	23.75	0	4	10	
2018-12-05 20:30:00	57.00324	11.93079	12	37	0	1	650	0.009	13.1	7	6.583	23.72	0	4	10	
2018-12-05 21:00:00	56.99778	11.94792	13	38	0	1	650	0.011	13.1	7	6.584	23.75	0	4	10	
2018-12-05 21:30:00	57.00471	11.92569	13	39	0	1	650	0.011	13.1	7	6.567	23.71	0	4	10	
2018-12-05 22:00:00	56.99982	11.93964	40	40	0	1	680	0.009	13.1	8	6.616	23.79	0	4	10	
2018-12-05 22:30:00	57.00816	11.91879	12	41	0	2	660	0.009	13.1	7	6.575	23.72	0	4	10	
2018-12-05 23:00:00	57.02592	11.90967	11	42	0	1	650	0.009	13.1	7	6.693	23.72	0	4	10	
2018-12-05 23:30:00	57.04431	11.89881	12	43	0	1	650	0.009	13.1	7	6.726	23.72	0	4	10	
2018-12-06 00:00:00	57.05937	11.88597	13	44	0	1	650	0.009	13.1	7	6.772	23.74	0	4	10	
2018-12-06 00:30:00	57.07293	11.87469	13	45	0	1	660	0.011	13.1	7	6.834	23.82	0	4	10	
2018-12-06 01:00:00	57.08457	11.85336	41	46	0	1	680	0.009	13.1	8	7.285	24.73	0	4	10	
2018-12-06 01:30:00	57.09141	11.82864	12	47	0	1	650	0.009	13.1	7	6.734	24.59	0	4	10	
2018-12-06 02:00:00	57.0984	11.80557	12	48	0	1	650	0.009	13.1	8	6.569	24.39	0	4	10	
2018-12-06 03:00:00	57.12039	11.81904	41	50	0		690	0.011	13.1	8	6.541	24.31	0	4	10	
2018-12-06 03:30:00	57.13671	11.84082	11	51	0	1	650	0.009	13.1	7	6.61	24.38	0	4	10	
2018-12-06 04:00:00	57.13524	11.81889	41	52	0	1	680	0.009	13.1	8	6.634	24.57	0	4	10	
2018-12-06 04:30:00	57.1485	11.84622	12	53	0	1	650	0.011	13.1	7	6.578	24.57	0	4	10	
2018-12-06 05:00:00	57.14172	11.82345	13	54	0	1	650	0.011	13.1	7	6.597	24.65	0	4	10	
2018-12-06 05:30:00	57.15423	11.85201	12	55	0	1	650	0.009	13.1	8	6.598	25.12	0	4	10	
2018-12-06 06:00:00	57.14841	11.82636	13	56	0	1	660	0.009	13.1	7	6.588	25.07	0	4	10	
2018-12-06 06:30:00	57.16206	11.84811	41	57	0	1	680	0.011	13.1	8	6.709	25.47	0	4	10	
2018-12-06 07:00:00	57.15339	11.82156	11	58	0	2	650	0.011	13.1	8	6.721	25.43	0	4	10	
2018-12-06 07:30:00	57.16656	11.83878	12	59	0	1	660	0.011	13.1	7	6.76	25.64	0	4	10	
2018-12-06 08:00:00	57.1602	11.81268	12	0	0	1	650	0.009	13.1	7	6.75	25.51	0	4	10	
2018-12-06 08:30:00	57.17397	11.83263	12	1	0	3	660	0.011	13.1	8	6.782	25.62	0	4	10	
2018-12-06 09:00:00	57.1689	11.80674	13	2	0	1	660	0.009	13.1	8	6.797	25.65	0	4	10	
2018-12-06 09:30:00	57.18303	11.83074	13	3	0	1	660	0.009	13.1	8	6.681	25.63	0	4	10	
2018-12-06 10:00:00	57.1791	11.80338	40	4	0	2	680	0.009	13.1	8	6.745	25.63	0	4	10	
2018-12-06 10:30:00	57.16845	11.79075	12	5	0	1	660	0.011	13.1	8	6.815	25.62	0	4	10	
2018-12-06 11:00:00	57.18342	11.81973	12	6	0	1	650	0.009	13.1	8	6.722	25.64	0	4	10	
2018-12-06 11:30:00	57.18147	11.79285	12	7	0	1	650	0.009	13.1	8	6.688	25.63	0	4	10	
2018-12-06 12:00:00	57.1914	11.76717	12	8	0	1	650	0.011	13.1	8	6.692	25.69	0	4	10	
2018-12-06 12:30:00	57.18795	11.74671	41	9	0	1	680	0.011	13.1	8	6.764	25.52	0	4	10	
2018-12-06 13:00:00	57.18195	11.73087	12	10	0	1	650	0.009	13.1	8	6.835	25.49	0	4	10	
2018-12-06 13:30:00	57.17397	11.71269	12	11	0	1	660	0.011	13.1	8	6.882	25.52	0	4	10	
2018-12-06 14:00:00	57.16626	11.69319	41	12	0	1	680	0.011	13.1	8	6.845	25.39	0	4	10	
2018-12-06 14:30:00	57.15861	11.67375	13	13	0	1	650	0.009	13.1	8	6.756	25.2	0	4	10	
2018-12-06 15:00:00	57.15048	11.65644	12	14	0	1	650	0.011	13.1	8	6.711	25.06	0	4	10	
2018-12-06 15:30:00	57.14052	11.6364	41	15	0	1	680	0.011	13.1	8	6.727	25.05	0	4	10	
2018-12-06 16:00:00	57.13575	11.66325	13	16	0	1	660	0.009	13.1	8	6.727	25.14	0	4	10	
2018-12-06 16:30:00	57.12939	11.69292	41	17	0	1	680	0.009	13.1	8	6.726	25.14	0	4	10	
2018-12-06 17:00:00	57.12267	11.72142	12	18	0	1	650	0.009	13.1	8	6.76	25.27	0	4	10	
2018-12-06 17:30:00	57.11541	11.75007	12	19	0	1	650	0.011	13.1	8	6.818	25.42	0	4	10	
2018-12-06 18:00:00	57.1053	11.71827	13	20	0	1	650	0.009	13.1	8	6.753	25.24	0	4	10	
2018-12-06 18:30:00	57.10125	11.68125	41	21	0	2	680	0.011	13.1	8	6.732	25.16	0	4	10	
2018-12-06 19:00:00	57.1017	11.71044	11	22	0	1	650	0.011	13.1	8	6.843	25.38	0	4	10	
2018-12-06 19:30:00	57.10284	11.74251	11	23	0	1	650	0.011	13.1	8	6.892	25.54	0	4	10	
2018-12-06 20:00:00	57.102	11.70999	11	24	0	1	650	0.011	13.1	8	6.902	25.5	0	4	10	
2018-12-06 20:30:00	57.10044	11.73993	12	25	0	1	650	0.011	13.1	8	6.864	25.47	0	4	10	
2018-12-06 21:00:00	57.11445	11.73036	41	26	0	1	680	0.011	13.1	8	6.881	25.55	0	4	10	
2018-12-06 21:30:00	57.12936	11.72487	11	27	0	1	660	0.009	13.1	8	6.968	25.66	0	4	10	
2018-12-06 22:00:00	57.1449	11.71689	12	28	0	1	650	0.009	13.1	8	6.943	25.57	0	4	10	
2018-12-06 22:30:00	57.15969	11.69871	11	29	0	1	650	0.011	13.1	8	6.941	25.49	0	4	10	
2018-12-06 23:00:00	57.17331	11.67912	12	30	0	1	660	0.009	13.1	8	6.945	25.37	0	4	10	
2018-12-06 23:30:00	57.18648	11.65674	14	31	0	1	650	0.009	13.1	8	6.982	25.43	0	4	10	
2018-12-07 00:00:00	57.1848	11.68725	40	32	0	1	680	0.011	13.1	8	6.984	25.44	0	4	10	
2018-12-07 00:30:00	57.19698	11.66682	13	33	0	1	650	0.011	13.1	8	7.015	25.5	0	4	10	
2018-12-07 01:00:00	57.18879	11.69685	12	34	0	1	650	0.009	13.1	8	6.994	25.5	0	4	10	
2018-12-07 01:30:00	57.20271	11.6955	41	35	0	1	680	0.009	13.1	9	6.965	25.57	0	4	10	
2018-12-07 02:00:00	57.18651	11.70666	41	36	0	2	680	0.009	13.1	8	6.992	25.53	0	4	10	
2018-12-07 02:30:00	57.19722	11.72148	12	37	0	1	650	0.009	13.1	8	6.98	25.62	0	4	10	
2018-12-07 03:00:00	57.20325	11.71131	41	38	0	1	680	0.009	13.1	9	6.941	25.6	0	4	10	
2018-12-07 03:30:00	57.2103	11.70273	11	39	0	1	650	0.009	13.1	8	6.954	25.62	0	4	10	
2018-12-07 04:00:00	57.19281	11.7039	13	40	0	1	660	0.009	13.1	8	6.972	25.6	0	4	10	
2018-12-07 04:30:00	57.1965	11.70885	13	41	0	1	650	0.011	13.1	8	6.953	25.62	0	4	10	
2018-12-07 05:00:00	57.20253	11.7138	12	42	0	1	650	0.009	13.1	8	6.978	25.64	0	4	10	
2018-12-07 06:00:00	57.1863	11.71728	41	44	0		680	0.009	13.1	8	6.979	25.65	0	4	10	
2018-12-07 06:30:00	57.18813	11.72973	12	45	0	1	650	0.011	13.1	8	7.054	25.77	0	4	10	
2018-12-07 07:00:00	57.18894	11.7435	41	46	0	1	680	0.011	13	8	6.582	25	0	4	10	
2018-12-07 07:30:00	57.18858	11.75193	41	47	0	1	680	0.009	13	8	6.542	24.87	0	4	10	
2018-12-07 08:00:00	57.18885	11.7549	12	48	0	1	660	0.011	13	8	6.588	24.88	0	4	10	
2018-12-07 08:30:00	57.18798	11.75835	12	49	0	1	650	0.009	13	8	6.556	24.66	0	4	10	
2018-12-07 09:00:00	57.18105	11.76075	12	50	0	3	650	0.011	13	8	6.536	24.6	0	4	10	
2018-12-07 09:30:00	57.17265	11.75427	14	51	0	3	660	0.011	13.1	8	6.53	24.56	0	4	10	
2018-12-07 10:00:00	57.16404	11.74152	40	52	1	1	50	0.011	13.1	8	6.52	24.55	9		0	
2018-12-07 10:30:00	57.15942	11.72394	12	53	0	1	20	0.009	13.1	7	6.53	24.55	9		0	
2018-12-07 11:00:00	57.1584	11.70423	12	54	0	1	20	0.011	13.1	7	6.538	24.58	9		0	
2018-12-07 11:30:00	57.15951	11.67843	12	55	2	1	480	0.009	13.1	7	6.489	24.62	0	4	7	
2018-12-07 12:00:00	57.16767	11.65377	13	56	0	1	470	0.011	13.1	7	6.484	24.74	0	4	7	
2018-12-07 12:30:00	57.17451	11.66175	41	57	0	1	500	0.009	13.1	8	6.468	24.64	0	4	7	
2018-12-07 13:00:00	57.17895	11.6736	11	58	0	1	470	0.011	13.1	7	6.432	24.55	0	4	7	
2018-12-07 13:30:00	57.18393	11.68359	12	59	0	1	480	0.009	13	7	6.409	24.46	0	4	7	
2018-12-07 14:00:00	57.1884	11.69475	41	0	0	1	510	0.011	13.1	8	6.346	24.26	0	4	7	
2018-12-07 14:30:00	57.19257	11.70789	11	1	0	1	470	0.009	13	7	6.332	24.16	0	4	7	
2018-12-07 15:00:00	57.19617	11.72241	11	2	0	1	470	0.011	13	7	6.395	24.2	0	4	7	
2018-12-07 15:30:00	57.19935	11.74164	11	3	0	1	470	0.009	13	7	6.466	24.29	0	4	7	
2018-12-07 16:00:00	57.18207	11.727	12	4	0	1	470	0.011	13	7	6.472	24.37	0	4	7	
2018-12-07 16:30:00	57.16359	11.71563	13	5	0	1	470	0.011	13	7	6.463	24.44	0	4	7	
2018-12-07 17:00:00	57.16731	11.73903	14	6	0	1	480	0.009	13	7	6.503	24.46	0	4	7	
2018-12-07 18:00:00	57.15066	11.75004	12	8	0		470	0.011	13	7	6.527	24.54	0	4	7	
2018-12-07 19:00:00	57.13737	11.81517	13	10	0		470	0.011	13	8	6.612	25.16	0	4	7	
2018-12-07 19:30:00	57.13059	11.79477	40	11	0	1	500	0.011	13	8	6.585	24.76	0	4	7	
2018-12-07 20:00:00	57.12117	11.82708	12	12	0	1	470	0.009	13	7	6.651	25.08	0	4	7	
2018-12-07 20:30:00	57.11751	11.81589	12	13	0	1	470	0.011	13	8	6.631	24.84	0	4	7	
2018-12-07 21:00:00	57.11484	11.79579	13	14	0	1	480	0.011	13	8	6.602	24.78	0	4	7	
2018-12-07 21:30:00	57.11151	11.83869	14	15	0	1	480	0.011	13	8	6.666	24.99	0	4	7	
2018-12-07 22:00:00	57.12117	11.81886	40	16	0	1	510	0.011	13	8	6.643	25.05	0	4	7	
2018-12-07 22:30:00	57.12243	11.79861	12	17	0	1	470	0.009	13	8	6.615	24.85	0	4	7	
2018-12-07 23:30:00	57.1203	11.85189	12	19	0		470	0.011	13	8	6.663	25.27	0	4	7	
2018-12-08 00:00:00	57.13188	11.84439	41	20	0	1	500	0.011	13	8	6.68	25.25	0	4	7	
2018-12-08 00:30:00	57.1416	11.83248	11	21	0	1	470	0.011	13	8	6.675	25.31	0	4	7	
2018-12-08 01:00:00	57.12351	11.83209	12	22	0	1	470	0.011	13	8	6.662	25.23	0	4	7	
2018-12-08 01:30:00	57.12996	11.81937	12	23	0	1	470	0.009	13	8	6.652	25.23	0	4	7	
2018-12-08 02:00:00	57.11085	11.82264	41	24	0	1	500	0.011	13	8	6.643	25.21	0	4	7	
2018-12-08 02:30:00	57.11577	11.80716	12	25	0	1	480	0.011	13	8	6.656	25.21	0	4	7	
2018-12-08 03:00:00	57.11997	11.78445	41	26	0	1	500	0.011	13	8	6.692	25.12	0	4	7	
2018-12-08 03:30:00	57.09888	11.80455	13	27	0	1	480	0.009	13	8	6.667	25.31	0	4	7	
2018-12-08 04:00:00	57.11046	11.79804	41	28	0	1	500	0.011	13	8	6.716	25.07	0	4	7	
2018-12-08 04:30:00	57.12168	11.79549	14	29	0	1	480	0.011	12.9	8	6.727	24.99	0	4	7	
2018-12-08 05:00:00	57.10122	11.79687	59	30	0	1	520	0.011	12.9	8	6.706	24.98	0	4	7	
2018-12-08 05:30:00	57.11004	11.78052	13	31	0	1	470	0.011	12.9	8	6.76	25.11	0	4	7	
2018-12-08 06:00:00	57.12243	11.76042	12	32	0	1	470	0.011	12.9	8	6.89	25.56	0	4	7	
2018-12-08 06:30:00	57.10989	11.78073	41	33	0	1	500	0.011	12.9	8	6.771	25.2	0	4	7	
2018-12-08 07:00:00	57.09561	11.80125	12	34	0	1	480	0.011	12.9	8	6.631	24.57	0	4	7	
2018-12-08 07:30:00	57.10449	11.766	11	35	0	1	470	0.011	12.9	7	6.825	25.39	0	4	7	
2018-12-08 08:00:00	57.09435	11.78148	15	36	0	1	480	0.011	12.9	8	6.663	24.72	0	4	7	
2018-12-08 08:30:00	57.08184	11.80158	65	37	0	1	530	0.009	12.9	8	6.621	24.26	0	4	7	
2018-12-08 09:00:00	57.08865	11.7597	12	38	0	1	470	0.011	12.9	8	6.656	24.7	0	4	7	
2018-12-08 09:30:00	57.08169	11.77758	11	39	1	1	350	0.011	12.9	8	6.632	24.33	0	4	5	
2018-12-08 10:00:00	57.07275	11.80215	12	40	0	2	350	0.011	12.9	7	6.542	24.06	0	4	5	
2018-12-08 10:30:00	57.08172	11.76561	12	41	0	1	350	0.011	13	7	6.641	24.36	0	4	5	
2018-12-08 11:00:00	57.07803	11.79378	24	42	0	1	360	0.009	13	8	6.535	24.11	0	4	5	
2018-12-08 11:30:00	57.08829	11.75973	41	43	0	1	380	0.011	13	8	6.664	24.46	0	4	5	
2018-12-08 12:00:00	57.08277	11.7789	40	44	0	1	380	0.011	13	8	6.589	24.24	0	4	5	
2018-12-08 12:30:00	57.0747	11.80131	11	45	0	1	360	0.009	13	8	6.638	24.33	0	4	5	
2018-12-08 13:00:00	57.06582	11.82582	12	46	0	1	350	0.011	13	7	6.692	24.55	0	4	5	
2018-12-08 13:30:00	57.06531	11.8014	41	47	0	2	380	0.011	12.9	8	6.696	24.55	0	4	5	
2018-12-08 14:00:00	57.05457	11.82588	12	48	0	1	350	0.011	13	7	6.701	25.02	0	4	5	
2018-12-08 14:30:00	57.0555	11.80434	12	49	0	1	350	0.009	12.9	7	6.701	24.89	0	4	5	
2018-12-08 15:00:00	57.04359	11.82819	41	50	0	1	380	0.011	12.9	8	6.662	25.23	0	4	5	
2018-12-08 15:30:00	57.0315	11.85456	12	51	0	1	350	0.011	12.9	7	6.688	25.42	0	4	5	
2018-12-08 16:00:00	57.02871	11.83494	40	52	0	1	380	0.009	12.9	8	6.711	25.46	0	4	5	
2018-12-08 16:30:00	57.02604	11.81091	13	53	0	1	350	0.011	12.9	8	6.682	25.35	0	4	5	
2018-12-08 17:00:00	57.01146	11.83551	13	54	0	1	350	0.011	12.9	8	6.682	25.41	0	4	5	
2018-12-08 17:30:00	56.9955	11.86428	13	55	0	2	350	0.011	12.9	7	6.759	25.46	0	4	5	
2018-12-08 18:00:00	56.99367	11.84787	59	56	0	2	400	0.009	12.9	8	6.679	25.38	0	4	5	
2018-12-08 18:30:00	56.97831	11.87361	13	57	0	1	360	0.009	12.9	8	6.768	25.46	0	4	5	
2018-12-08 19:00:00	56.97687	11.85459	12	58	0	1	350	0.011	12.9	7	6.692	25.37	0	4	5	
2018-12-08 19:30:00	56.97531	11.83083	40	59	0	1	380	0.009	12.9	8	6.684	25.29	0	4	5	
2018-12-08 20:00:00	56.9601	11.85492	12	0	0	1	350	0.011	12.9	8	6.694	25.38	0	4	5	
2018-12-08 20:30:00	56.96676	11.83272	12	1	0	1	350	0.011	12.9	7	6.7	25.3	0	4	5	
2018-12-08 21:00:00	56.9523	11.85594	12	2	0	1	350	0.009	12.9	8	6.702	25.38	0	4	5	
2018-12-08 21:30:00	56.95986	11.83557	13	3	0	1	350	0.011	12.9	8	6.726	25.34	0	4	5	
2018-12-08 22:00:00	56.94723	11.86785	65	4	0	1	410	0.009	12.9	8	6.714	25.38	0	4	5	
2018-12-08 22:30:00	56.92869	11.89767	12	5	0	1	350	0.011	12.9	8	6.933	25.23	0	4	5	
2018-12-08 23:00:00	56.94267	11.89341	41	6	0	1	380	0.009	12.9	8	6.785	25.36	0	4	5	
2018-12-08 23:30:00	56.96004	11.88828	13	7	0	1	350	0.011	12.9	8	6.737	25.49	0	4	5	
2018-12-09 00:00:00	56.97792	11.88048	59	8	0	1	400	0.011	12.9	8	6.677	25.39	0	4	5	
2018-12-09 00:30:00	56.95812	11.89602	13	9	0	1	350	0.011	12.9	7	6.725	25.51	0	4	5	
2018-12-09 01:00:00	56.97345	11.89818	41	10	0	1	380	0.011	12.9	8	6.688	25.36	0	4	5	
2018-12-09 01:30:00	56.98794	11.90196	12	11	0	1	350	0.011	12.8	8	6.609	24.76	0	4	5	
2018-12-09 02:00:00	56.96544	11.92182	30	12	0	1	370	0.011	12.8	8	6.694	25.24	0	4	5	
2018-12-09 02:30:00	56.97522	11.93595	41	13	0	1	390	0.009	12.8	8	6.6	24.83	0	4	5	
2018-12-09 03:00:00	56.98419	11.95131	12	14	0	1	350	0.009	12.8	7	6.686	25.08	0	4	5	
2018-12-09 03:30:00	56.98797	11.9676	12	15	0	1	350	0.009	12.8	7	6.797	25.33	0	4	5	
2018-12-09 04:00:00	56.99241	11.97999	12	16	0	1	350	0.011	12.8	8	6.959	25.82	0	4	5	
2018-12-09 04:30:00	56.99169	11.96772	12	17	0	1	350	0.011	12.8	8	6.988	25.85	0	4	5	
2018-12-09 05:00:00	56.99352	11.97828	41	18	0	1	380	0.009	12.8	8	7.001	25.86	0	4	5	
2018-12-09 05:30:00	56.97087	11.98392	12	19	0	1	350	0.011	12.8	8	6.996	25.86	0	4	5	
2018-12-09 06:00:00	56.97555	11.98539	12	20	0	1	350	0.011	12.8	8	6.971	25.75	0	4	5	
2018-12-09 06:30:00	56.98236	11.98896	12	21	0	2	350	0.011	12.8	8	6.956	25.64	0	4	5	
2018-12-09 07:00:00	56.98314	11.9718	13	22	0	1	350	0.011	12.8	8	6.972	25.6	0	4	5	
2018-12-09 07:30:00	56.99025	11.98899	41	23	0	1	380	0.009	12.8	8	6.514	24.03	0	4	5	
2018-12-09 08:00:00	56.99598	11.98377	40	24	0	1	380	0.011	12.8	8	6.461	23.74	0	4	5	
2018-12-09 08:30:00	57.00279	11.97822	12	25	0	1	350	0.009	12.8	7	6.521	24.03	0	4	5	
2018-12-09 09:00:00	57.00864	11.97606	12	26	0	1	350	0.009	12.8	7	6.505	23.94	0	4	5	
2018-12-09 09:30:00	57.01317	11.97486	12	27	0	1	350	0.009	12.8	7	6.544	24.11	0	4	5	
2018-12-09 10:00:00	56.99478	11.96907	12	28	0	1	350	0.009	12.8	7	6.519	24	0	4	5	
2018-12-09 10:30:00	56.9775	11.96289	12	29	0	1	350	0.011	12.8	7	6.544	24.09	0	4	5	
2018-12-09 11:00:00	56.96157	11.95935	41	30	0	1	380	0.011	12.8	8	6.525	23.96	0	4	5	
2018-12-09 11:30:00	56.94813	11.95419	41	31	0	2	390	0.011	12.8	8	6.68	24.7	0	4	5	
2018-12-09 12:00:00	56.95632	11.95533	12	32	0	1	350	0.011	12.9	7	6.547	24.05	0	4	5	
2018-12-09 12:30:00	56.94576	11.95158	12	33	0	1	350	0.011	12.8	7	6.718	24.84	0	4	5	
2018-12-09 13:00:00	56.93748	11.943	13	34	0	3	360	0.011	12.8	7	6.825	25.25	0	4	5	
2018-12-09 13:30:00	56.93508	11.92377	14	35	0	1	350	0.011	12.8	8	6.949	25.61	0	4	5	
2018-12-09 14:00:00	56.93307	11.90844	40	36	0	1	380	0.011	12.8	8	6.948	25.66	0	4	5	
2018-12-09 14:30:00	56.93055	11.88666	12	37	0	1	360	0.011	12.8	8	6.964	25.77	0	4	5	
2018-12-09 15:00:00	56.92806	11.86566	12	38	0	1	350	0.011	12.8	8	6.85	25.58	0	4	5	
2018-12-09 15:30:00	56.91438	11.8389	12	39	0	2	350	0.011	12.8	8	6.815	25.48	0	4	5	
2018-12-09 16:00:00	56.90595	11.87523	12	40	0	1	350	0.011	12.8	7	6.91	25.76	0	4	5	
2018-12-09 16:30:00	56.89149	11.84232	71	41	0	1	410	0.011	12.8	8	6.751	25.46	0	4	5	
2018-12-09 17:00:00	56.89326	11.86059	13	42	0	1	360	0.011	12.8	8	6.857	25.65	0	4	5	
2018-12-09 17:30:00	56.88342	11.82939	13	43	0	1	350	0.011	12.8	8	6.799	25.58	0	4	5	
2018-12-09 18:00:00	56.88393	11.84616	15	44	0	2	360	0.011	12.8	8	6.849	25.68	0	4	5	
2018-12-09 18:30:00	56.88438	11.86185	13	45	0	1	350	0.011	12.8	8	6.736	25.26	0	4	5	
2018-12-09 19:00:00	56.88543	11.87394	17	46	0	3	360	0.009	12.8	7	6.689	25.05	0	4	5	
2018-12-09 19:30:00	56.88225	11.89611	40	47	0	1	380	0.011	12.8	8	6.638	24.84	0	4	5	
2018-12-09 20:00:00	56.88492	11.9133	12	48	0	1	350	0.011	12.8	7	6.703	25.06	0	4	5	
2018-12-09 20:30:00	56.89116	11.92257	12	49	0	1	350	0.011	12.8	7	6.506	24.34	0	4	5	
2018-12-09 21:00:00	56.86422	11.90634	13	50	0	1	350	0.011	12.8	7	6.65	24.91	0	4	5	
2018-12-09 21:30:00	56.86797	11.92482	12	51	0	1	350	0.009	12.8	7	6.287	23.52	0	4	5	
2018-12-09 22:00:00	56.87256	11.94156	64	52	0	1	110	0.011	12.8	8	6.303	23.48	1	4	0	
2018-12-09 22:30:00	56.87424	11.96379	12	53	0	1	350	0.011	12.8	7	6.375	23.64	0	4	5	
2018-12-09 23:00:00	56.8515	11.94759	12	54	0	1	350	0.009	12.8	7	6.41	23.95	0	4	5	
2018-12-09 23:30:00	56.85714	11.96883	12	55	0	1	350	0.011	12.8	7	6.427	24	0	4	5	
2018-12-10 00:00:00	56.86536	11.99292	41	56	0	1	380	0.011	12.8	7	6.282	23.4	0	4	5	
2018-12-10 00:30:00	56.84313	11.97777	11	57	0	1	350	0.011	12.8	7	6.446	24.25	0	4	5	
2018-12-10 01:00:00	56.85057	11.98794	12	58	0	1	350	0.011	12.8	7	6.284	23.5	0	4	5	
2018-12-10 01:30:00	56.83533	11.97336	12	59	0	2	350	0.011	12.8	7	6.447	24.28	0	4	5	
2018-12-10 02:00:00	56.84238	11.98413	12	0	0	1	350	0.011	12.7	7	6.242	23.46	0	4	5	
2018-12-10 02:30:00	56.85024	11.99301	40	1	0	1	390	0.011	12.7	7	6.208	23.48	0	4	5	
2018-12-10 03:00:00	56.85711	12.00138	12	2	0	1	350	0.011	12.7	7	6.168	23.45	0	4	5	
2018-12-10 03:30:00	56.83791	11.98479	12	3	0	1	350	0.011	12.7	7	6.12	23.22	0	4	5	
2018-12-10 04:00:00	56.84199	11.99385	13	4	0	1	350	0.011	12.7	7	6.146	23.35	0	4	5	
2018-12-10 04:30:00	56.84673	12.00234	13	5	0	1	350	0.009	12.7	7	6.113	23.16	0	4	5	
2018-12-10 05:00:00	56.85105	12.01152	40	6	0	1	380	0.009	12.7	7	6.06	22.95	0	4	5	
2018-12-10 05:30:00	56.83278	11.98911	13	7	0	1	350	0.011	12.7	7	6.119	23.2	0	4	5	
2018-12-10 06:00:00	56.83605	11.9937	41	8	0	1	380	0.011	12.7	7	6.047	22.91	0	4	5	
2018-12-10 06:30:00	56.84211	11.99628	41	9	0	1	380	0.011	12.7	7	6.033	22.82	0	4	5	
2018-12-10 07:00:00	56.84895	12.00036	13	10	0	2	360	0.011	12.7	7	6.061	22.99	0	4	5	
2018-12-10 07:30:00	56.85558	12.00429	12	11	0	1	350	0.011	12.7	7	6.099	23.2	0	4	5	
2018-12-10 08:00:00	56.83887	11.97906	41	12	0	1	380	0.011	12.7	7	6.158	23.38	0	4	5	
2018-12-10 08:30:00	56.84607	11.98242	13	13	0	1	360	0.011	12.7	7	6.197	23.73	0	4	5	
2018-12-10 09:00:00	56.85729	11.98191	13	14	0	1	350	0.011	12.8	7	6.459	24.8	0	4	5	
2018-12-10 09:30:00	56.86779	11.98074	12	15	0	3	350	0.011	12.8	7	6.707	25.33	0	4	5	
2018-12-10 10:00:00	56.85252	11.95479	12	16	0	1	350	0.011	12.9	7	6.807	25.57	0	4	5	
2018-12-10 10:30:00	56.86101	11.95608	12	17	0	2	350	0.011	12.9	7	6.853	25.7	0	4	5	
2018-12-10 11:00:00	56.87058	11.95572	13	18	0	1	350	0.011	12.9	7	6.898	25.88	0	4	5	
2018-12-10 11:30:00	56.85645	11.92851	40	19	0	1	380	0.011	12.9	8	6.952	26	0	4	5	
2018-12-10 12:00:00	56.86461	11.94474	12	20	0	1	350	0.011	12.9	7	6.847	25.69	0	4	5	
